X1	X2	Y1	Y2	Y2
-41,65	-13,23	778,40	1077,30	1077,30
-39,12	-8,72	1969,70	3439,80	1631,20
-38,02	-11,65	1431,70	7315,30	7315,30
-38,12	-10,53	1631,20	15674,20	1556,60
-38,77	-11,87	1619,90	4674,60	4674,60
-39,88	-14,13	349,00	1768,80	1768,80
-38,42	-12,13	15212,60	6352,60	6352,60
-39,18	-17,52	2161,20	1597,80	1235,40
-39,63	-14,70	437,60	2184,40	2184,40
-39,62	-13,03	3673,40	1631,20	1631,20
-38,75	-12,38	2410,00	4507,20	4507,20
-41,43	-11,45	1518,90	946,00	946,00
-41,13	-14,60	2033,20	1134,00	1134,00
-41,33	-12,80	1222,50	1000,70	1000,70
-39,83	-10,33	1351,90	3015,80	30831,10
-44,68	-12,00	1300,50	315,00	315,00
-39,25	-12,17	1047,20	1941,20	1941,20
-38,35	-10,40	1876,20	15163,20	1541,70
-39,13	-12,43	1077,30	1667,00	1667,00
-40,27	-10,57	1105,80	1206,60	533,50
-38,08	-11,65	1694,30	6657,10	6657,10
-39,75	-13,85	637,70	1652,40	1652,40
-38,22	-12,20	1134,00	7651,10	7651,10
-41,47	-14,42	1206,30	1116,60	1116,60
-38,98	-11,33	5400,60	4598,80	4598,80
-38,50	-12,07	1062,20	6925,40	6925,40
-39,40	-15,25	1000,70	2821,40	2821,40
-39,00	-13,07	795,10	3273,40	3273,40
-39,33	-14,32	1018,20	1643,30	1643,30
-44,53	-12,30	1308,20	352,00	352,00
-40,17	-11,95	1953,40	1308,40	1308,40
-38,62	-10,57	1235,40	5332,80	1833,40
-43,13	-11,10	5332,80	534,40	534,40
-41,33	-13,62	1930,10	1062,20	1062,20
-40,58	-14,87	2993,40	1476,40	1476,40
-42,05	-11,80	1223,10	740,30	740,30
-39,62	-14,20	461,80	1976,70	1976,70
-45,00	-12,17	15753,50	445,50	445,50
-41,90	-11,75	1427,40	968,60	968,60
-39,48	-14,80	441,50	2094,30	2094,30
-39,08	-11,52	1532,80	1815,90	1815,90
-38,87	-15,85	2264,30	4038,20	4038,20
-41,62	-11,55	1611,60	957,30	957,30
-38,80	-11,62	1509,20	5000,60	5000,60
-40,22	-14,35	1114,20	1435,00	1435,00
-40,62	-12,65	1759,40	1343,40	1343,40
-43,42	-13,25	6925,40	693,30	693,30
-40,50	-14,37	887,10	1454,80	1454,80
-41,83	-12,70	1362,10	1032,40	1032,40
-41,25	-11,97	1610,20	961,60	961,60
-42,73	-12,82	2058,90	776,20	776,20
-42,52	-13,37	915,30	801,50	801,50
-39,78	-13,10	1325,80	2058,90	2058,90
-43,97	-12,47	977,80	562,10	562,10
-42,62	-11,98	980,80	727,90	727,90
-41,65	-14,20	6657,10	1158,50	1158,50
-39,28	-14,95	1737,20	1949,70	1949,70
-43,62	-10,70	2047,70	533,50	7219,50
-40,40	-14,97	533,50	1737,20	1737,20
-39,18	-12,53	1811,30	2852,30	2852,30
-38,97	-12,62	3276,20	3982,30	3982,30
-42,23	-14,50	2251,00	822,60	822,60
-40,43	-11,10	801,50	1259,30	1259,30
-40,90	-14,33	1377,40	1431,70	1431,70
-42,48	-14,07	5028,70	844,50	844,50
-41,48	-11,68	1768,80	977,80	977,80
-39,03	-13,48	1776,90	2088,00	2088,00
-39,50	-15,42	3112,60	2018,60	2018,60
-38,33	-12,68	30831,10	5838,40	5838,40
-39,12	-13,93	3454,70	2032,20	2032,20
-43,00	-9,50	2794,20	488,00	3173,90
-40,32	-10,51	7085,70	1220,70	3403,20
-44,22	-13,07	879,70	480,90	480,90
-41,77	-11,68	2557,10	962,30	962,30
-38,93	-15,67	2982,50	3881,00	3881,00
-39,13	-11,80	721,20	2149,40	2149,40
-38,55	-12,67	8692,30	3976,70	3976,70
-42,87	-14,40	1351,80	865,10	865,10
-41,25	-15,50	2402,40	1165,90	1165,90
-39,50	-10,67	3403,20	2237,70	1204,90
-39,13	-9,90	1593,50	1759,40	7085,70
-39,85	-11,67	1070,00	2143,30	2143,30
-40,00	-11,37	3015,80	1272,20	1272,20
-39,10	-9,35	776,20	3403,20	9177,40
-39,25	-17,72	2126,90	1615,10	1541,70
-37,93	-11,93	849,80	21322,60	21322,60
-43,75	-14,30	2822,10	639,80	639,80
-40,98	-9,17	7219,50	1204,70	784,30
-39,42	-12,75	2547,20	3386,70	3386,70
-44,87	-12,32	272,20	349,00	349,00
-38,37	-12,35	5432,50	6649,70	6649,70
-42,28	-13,32	840,60	782,80	782,80
-42,12	-11,13	1639,60	723,20	723,20
-39,10	-8,97	1032,40	3416,80	1465,20
-38,38	-10,60	3173,90	15538,00	3439,80
-38,52	-11,10	1650,50	4824,80	4824,80
-39,55	-14,63	1523,10	1843,30	1843,30
-44,53	-14,18	1793,80	533,50	533,50
-39,00	-12,50	2203,60	2157,70	2157,70
-39,17	-12,77	1619,00	2251,00	2251,00
-39,27	-11,55	6649,70	3134,60	3134,60
-38,77	-12,32	3273,40	4183,20	4183,20
-37,62	-11,80	2532,60	16339,30	16339,30
-41,98	-14,88	1621,60	1141,10	1141,10
-41,03	-13,75	312,80	1068,90	1068,90
-38,75	-12,23	2149,40	4566,50	4566,50
-41,93	-15,03	777,00	1175,60	1175,60
-44,47	-13,82	1321,10	461,80	461,80
-37,92	-10,28	1465,20	30831,10	309,60
-44,63	-13,33	3134,60	547,40	547,40
-44,25	-12,03	1285,90	437,60	437,60
-39,80	-13,35	445,50	2161,20	2161,20
-38,15	-11,50	2032,20	7985,20	7985,20
-44,42	-12,23	1308,40	399,90	399,90
-39,12	-12,67	6302,60	1819,80	1819,80
-39,90	-8,98	3416,80	3456,90	7219,50
-39,90	-14,43	945,00	2169,30	2169,30
-38,28	-12,60	8280,80	6021,50	6021,50
-41,77	-13,75	1138,40	1070,00	1070,00
-39,18	-12,90	317,50	2309,40	2309,40
-39,52	-12,93	723,20	1953,40	1953,40
-40,90	-15,52	1501,70	1523,10	1523,10
-38,10	-11,93	4111,70	6302,60	6302,60
-42,13	-13,42	961,60	795,90	795,90
-37,93	-11,78	3700,50	21864,70	21864,70
-39,00	-10,50	6021,50	3000,40	21864,70
-39,58	-16,37	11446,30	2305,30	2794,20
-38,23	-10,60	1690,40	13622,00	7085,70
-44,27	-14,20	475,90	474,40	474,40
-38,98	-12,27	62321,00	4400,50	4400,50
-40,13	-10,73	1541,70	1206,30	3173,90
-39,92	-14,98	474,40	1650,50	1650,50
-39,65	-14,85	962,80	2797,30	2797,30
-45,18	-11,03	2521,40	148,90	148,90
-39,50	-13,73	3188,10	3188,10	3188,10
-39,78	-11,47	352,00	2426,50	2426,50
-42,50	-11,42	1038,70	747,80	747,80
-38,25	-9,33	1435,00	9177,40	1465,20
-39,47	-14,32	595,50	1833,40	1833,40
-39,03	-12,60	1990,30	2174,60	2174,60
-41,93	-14,53	547,40	1138,40	1138,40
-42,77	-14,22	8445,60	822,90	822,90
-39,77	-16,58	1966,80	1915,10	21864,70
-38,28	-10,68	1204,90	11446,30	3993,50
-40,22	-12,77	2305,30	1369,10	1369,10
-42,25	-14,25	795,20	835,00	835,00
-39,60	-14,85	2018,60	2557,10	2557,10
-41,28	-13,40	1909,30	1114,20	1114,20
-40,00	-14,83	1536,50	1501,70	1501,70
-42,00	-11,63	1752,40	721,20	721,20
-42,50	-12,87	1409,20	778,40	778,40
-40,93	-12,65	315,00	1362,10	1362,10
-39,37	-14,17	2253,60	2487,40	2487,40
-40,12	-17,68	784,30	1580,10	4183,20
-39,63	-14,07	1357,90	2521,40	2521,40
-42,23	-12,65	1556,60	769,40	769,40
-41,98	-11,53	1615,10	962,80	962,80
-43,23	-12,18	2617,90	588,70	588,70
-39,18	-11,73	533,50	1721,10	1721,10
-42,72	-13,77	1476,40	795,20	795,20
-39,13	-13,82	1206,60	2840,80	2840,80
-40,10	-14,75	2610,90	1464,60	1464,60
-39,03	-14,78	15674,20	2532,60	2532,60
-38,37	-11,78	3982,30	7085,70	7085,70
-39,30	-12,30	1333,20	1876,20	1876,20
-39,75	-14,13	4507,20	2144,30	2144,30
-39,75	-12,17	5838,40	2018,60	2018,60
-42,62	-11,82	905,70	743,10	743,10
-40,10	-13,25	639,80	1369,10	1369,10
-40,97	-13,28	697,70	1383,20	1383,20
-41,62	-12,23	2483,10	984,50	984,50
-38,77	-12,07	2840,80	4547,50	4547,50
-41,87	-11,30	7315,30	927,60	927,60
-39,55	-16,57	3000,40	2331,70	588,70
-40,30	-12,52	6389,80	1357,90	1357,90
-39,27	-14,78	21322,60	1793,80	1793,80
-39,00	-14,27	2815,40	2731,70	2731,70
-40,98	-12,98	1526,70	1363,40	1363,40
-40,00	-14,17	1124,30	1428,30	1428,30
-39,85	-14,28	1343,40	1941,50	1941,50
-39,62	-16,08	588,70	1690,40	272,20
-42,38	-11,00	1375,30	757,90	757,90
-39,73	-15,13	561,80	2822,10	2822,10
-39,37	-14,67	1941,20	1909,30	1909,30
-39,52	-17,05	6352,60	1611,60	1966,80
-39,68	-13,77	707,40	3301,80	3301,80
-40,62	-15,23	2157,70	1541,10	1541,10
-38,03	-12,25	553,60	7219,50	7219,50
-40,33	-17,15	1833,40	1556,60	1631,20
-38,67	-12,88	2154,30	3950,40	3950,40
-39,42	-14,88	740,30	2483,10	2483,10
-39,53	-15,95	927,60	1621,60	1621,60
-40,25	-15,23	7651,10	1515,00	1515,00
-38,25	-11,32	3527,60	8079,60	8079,60
-39,55	-14,42	938,70	2993,40	2993,40
-39,93	-13,45	747,80	2007,40	2007,40
-40,05	-15,65	1904,00	1536,50	1536,50
-39,68	-12,70	1369,10	2253,60	2253,60
-40,15	-13,52	1158,50	1420,00	1420,00
-39,87	-10,68	3524,30	3173,90	1610,20
-40,08	-15,13	1949,70	1532,80	1532,80
-41,28	-13,80	1819,80	1068,90	1068,90
-39,13	-13,72	2797,30	1770,60	1770,60
-43,55	-14,40	1014,10	685,50	685,50
-44,42	-13,62	727,90	475,90	475,90
-42,43	-14,83	1395,80	887,10	887,10
-40,52	-11,17	7985,20	1299,70	1299,70
-39,98	-13,52	5401,60	3137,70	3137,70
-40,18	-10,25	3301,80	1198,10	6021,50
-38,88	-13,10	1826,50	4031,20	4031,20
-37,78	-11,55	984,50	20377,20	20377,20
-40,10	-13,85	15538,00	1373,40	1373,40
-38,37	-10,07	3993,50	15753,50	1541,70
-39,57	-13,24	1367,90	1904,00	1904,00
-39,88	-14,03	957,30	2642,60	2642,60
-41,65	-11,33	2470,90	935,60	935,60
-40,50	-9,40	21864,70	1230,00	4327,30
-40,15	-16,83	795,90	1577,50	795,90
-41,98	-11,03	1434,40	945,00	945,00
-39,50	-15,18	480,90	2625,60	2625,60
-41,60	-13,52	488,00	1113,10	1113,10
-40,22	-13,65	276,60	1388,70	1388,70
-42,13	-14,03	1497,30	853,40	853,40
-39,42	-13,17	2331,70	1948,60	1948,60
-40,35	-17,62	309,60	1558,50	2237,70
-40,90	-12,35	283,80	1367,90	1367,90
-40,23	-13,47	769,40	1427,40	1427,40
-38,90	-11,78	718,10	5028,70	5028,70
-41,83	-11,38	2642,60	938,70	938,70
-38,33	-12,88	20377,20	5401,60	5401,60
-41,38	-12,55	1068,90	994,10	994,10
-42,50	-14,67	1146,00	879,70	879,70
-41,85	-13,63	4547,50	1083,60	1083,60
-45,78	-12,09	9177,40	312,80	312,80
-40,37	-12,13	1042,10	1351,90	1351,90
-40,42	-15,57	1815,90	1541,70	1541,70
-42,68	-13,03	4958,40	784,30	784,30
-39,05	-9,17	685,50	3454,70	1833,40
-38,62	-12,73	2085,70	3741,80	3741,80
-41,50	-14,65	148,90	1124,30	1124,30
-40,25	-15,62	939,70	1518,90	1518,90
-40,13	-11,70	1763,80	1308,20	1308,20
-43,77	-14,33	1597,80	654,10	654,10
-41,87	-14,38	742,90	1161,80	1161,80
-40,25	-14,13	1204,70	1434,40	1434,40
-44,03	-10,70	1292,50	272,20	4038,20
-40,42	-13,43	1907,60	1377,40	1377,40
-38,92	-12,77	4400,50	3993,50	3993,50
-39,00	-14,10	1976,70	2085,70	2085,70
-40,52	-13,00	946,00	1395,80	1395,80
-39,30	-15,55	1272,20	1619,90	1619,90
-38,28	-12,52	4674,60	5929,30	5929,30
-42,85	-13,90	1146,20	795,10	795,10
-40,23	-17,37	2184,40	1593,50	1619,00
-40,60	-11,42	2487,40	1263,80	1263,80
-39,87	-12,87	994,10	3112,60	3112,60
-40,58	-10,95	1770,60	1207,40	1222,50
-40,77	-14,23	736,70	1462,40	1462,40
-39,33	-10,43	4824,80	1867,60	4824,80
-43,27	-11,55	757,90	553,60	553,60
-41,15	-11,55	3456,90	957,20	957,20
-42,37	-15,03	1116,60	905,70	905,70
-41,37	-13,00	782,80	1077,50	1077,50
-39,55	-18,08	4183,20	1610,20	3524,30
-41,63	-11,95	957,20	964,90	964,90
-40,48	-11,85	2625,60	1292,50	1292,50
-39,12	-13,00	656,70	1636,40	1636,40
-43,54	-12,07	1058,20	637,70	637,70
-39,00	-12,62	2852,30	2658,40	2658,40
-39,50	-13,22	2144,30	2822,70	2822,70
-39,00	-13,03	2776,40	1996,50	1996,50
-39,12	-13,58	1325,90	2453,10	2453,10
-39,42	-10,82	1230,00	1775,00	1770,60
-40,13	-14,78	1558,50	1509,90	1509,90
-39,62	-11,60	693,30	2410,00	2410,00
-39,62	-13,80	562,10	1966,80	1966,80
-40,08	-13,03	743,10	1375,30	1375,30
-41,08	-12,82	822,90	1047,20	1047,20
-38,50	-11,23	2615,00	8280,80	8280,80
-39,37	-17,88	4327,30	1610,20	3439,80
-42,17	-12,80	1175,60	777,00	777,00
-38,40	-10,32	1454,80	10230,70	1454,80
-38,35	-11,37	2747,60	8445,60	8445,60
-42,88	-12,32	2090,00	767,80	767,80
-38,62	-12,03	767,80	4327,30	4327,30
-41,08	-10,97	1667,00	939,70	1383,20
-43,15	-14,27	2094,30	697,70	697,70
-41,55	-12,52	822,60	980,80	980,80
-42,25	-13,43	2088,00	818,80	818,80
-43,18	-12,68	3137,70	572,60	572,60
-37,87	-10,68	2822,70	289942,20	915,30
-39,65	-15,45	865,30	2033,20	2033,20
-38,23	-9,40	11831,60	11831,60	4327,30
-39,62	-11,83	1263,80	1752,40	1752,40
-38,65	-12,17	654,10	4111,70	4111,70
-37,88	-10,00	1580,10	62321,00	2052,40
-41,77	-13,17	1595,70	1058,20	1058,20
-42,50	-10,00	3439,80	707,40	5320,00
-42,68	-14,48	1541,10	840,60	840,60
-40,37	-10,73	1915,10	1204,90	7891,60
-39,90	-11,80	945,60	2771,60	2771,60
-39,37	-13,75	915,30	1907,60	1907,60
-41,73	-14,93	935,60	1126,60	1126,60
-40,55	-11,72	2426,50	1323,80	1323,80
-40,37	-13,25	851,80	1409,20	1409,20
-40,48	-14,67	2568,40	1509,20	1509,20
-40,37	-14,52	4598,80	1465,20	1465,20
-38,33	-12,42	3950,40	6389,80	6389,80
-40,13	-10,85	1383,20	1212,10	1302,00
-39,05	-16,43	15163,20	2402,40	2716,10
-39,87	-15,58	572,60	1622,10	1622,10
-39,23	-17,33	2731,70	1619,00	2731,70
-42,00	-11,28	1428,30	742,90	742,90
-41,67	-14,68	1113,10	1146,20	1146,20
-39,42	-13,43	2737,50	2610,90	2610,90
-39,62	-10,97	2453,10	3000,30	1915,10
-39,22	-10,75	2677,50	3260,10	16339,30
-40,13	-11,40	804,20	1302,00	1302,00
-39,50	-12,40	2174,60	2126,90	2126,90
-42,08	-9,62	4042,70	703,90	2237,70
-39,42	-11,48	1369,10	2794,20	2794,20
-44,90	-11,73	2143,30	276,60	276,60
-39,38	-11,80	3260,10	1763,80	1763,80
-42,93	-13,60	3486,00	809,00	809,00
-38,43	-11,03	1373,40	8692,30	8692,30
-38,53	-10,83	5320,00	5400,60	2716,10
-40,75	-15,45	399,90	1526,70	1526,70
-41,80	-13,57	1198,10	1105,80	1105,80
-42,08	-14,40	1462,40	849,80	849,80
-42,28	-13,13	1077,50	804,20	804,20
-37,92	-11,48	4031,20	34274,60	34274,60
-38,75	-8,85	865,10	5432,50	1292,50
-40,50	-12,28	3000,30	1351,80	1351,80
-38,75	-12,87	1515,00	3700,50	3700,50
-38,50	-12,97	289942,20	5432,50	5432,50
-38,98	-11,95	2007,40	4958,40	4958,40
-38,13	-9,73	1302,00	15212,60	1302,00
-39,02	-16,27	2716,10	2052,40	915,30
-39,80	-14,95	534,40	1776,90	1776,90
-39,83	-13,28	968,60	2203,60	2203,60
-39,35	-15,42	1141,10	2716,10	2716,10
-44,18	-13,38	3881,00	466,50	4686,50
-44,52	-11,00	2771,60	283,80	28315,80
-39,52	-12,75	962,30	1930,10	1930,10
-39,37	-11,25	3680,70	2615,00	2615,00
-44,05	-12,98	2589,50	441,50	441,50
-38,87	-12,03	809,00	4042,70	4042,70
-38,72	-12,53	5929,30	3680,70	3680,70
-39,25	-12,97	10230,70	2090,00	2090,00
-39,25	-12,42	5276,90	1694,30	1694,30
-44,98	-12,35	3386,70	317,50	317,50
-39,52	-11,45	818,80	2747,60	2747,60
-39,10	-12,83	2018,60	1896,30	1896,30
-38,98	-12,60	1388,70	3527,60	3527,60
-44,18	-13,40	1464,60	520,80	520,80
-38,67	-12,62	3976,70	3673,40	36713,40
-41,90	-11,22	1788,80	945,60	945,60
-38,98	-12,43	3741,80	4365,70	4365,70
-39,35	-15,10	466,50	2547,20	2547,20
-40,02	-11,50	964,90	1300,50	11300,50
-39,47	-13,03	1083,60	3046,50	3046,50
-38,50	-12,50	4365,70	7891,60	7891,60
-39,17	-12,72	1652,40	2737,50	2737,50
-38,62	-11,60	1643,30	5276,90	5276,90
-38,77	-12,73	1126,60	3486,00	3486,00
-40,42	-10,93	1207,40	1235,40	2309,40
-41,77	-12,42	4347,30	1038,70	1038,70
-42,93	-14,57	1068,90	865,30	865,30
-40,18	-10,45	7891,60	1223,10	4042,70
-41,88	-9,73	4038,20	915,30	30899,60
-43,60	-13,55	3046,50	656,70	65876,70
-43,93	-12,75	1636,40	595,50	59985,50
-39,33	-12,17	1363,40	1969,70	19569,70
-39,00	-11,65	8079,60	2154,30	2154,30
-40,30	-11,40	1259,30	1333,20	1333,20
-38,40	-12,78	13622,00	5432,50	5432,50
-43,47	-13,10	1220,70	639,90	639,90
-38,23	-10,35	853,40	9697,60	5000,60
-40,83	-9,45	2237,70	1222,50	11556,60
-41,63	-12,10	1622,10	1042,10	1042,10
-44,00	-12,70	1161,80	309,60	30029,60
-41,25	-14,03	1948,60	1146,00	1146,00
-42,50	-13,53	1662,10	783,70	78345,70
-39,12	-11,97	703,90	1826,50	18126,50
-39,10	-13,53	2052,40	2264,30	2264,30
-40,78	-11,83	1604,20	1325,80	1325,80
-39,75	-17,55	16339,30	1604,20	2309,40
-38,62	-12,28	639,90	4328,80	4328,80
-39,00	-11,48	2169,30	1662,10	16562,10
-39,50	-13,60	1420,00	2677,50	26177,50
-38,62	-12,38	1212,10	4347,30	4347,30
-41,40	-14,97	1509,90	1122,80	1122,80
-38,78	-10,95	5000,60	5320,00	4038,20
-39,48	-9,83	2309,40	2776,40	22137,70
-39,65	-13,27	1896,30	2815,40	2815,40
-39,33	-14,30	1775,00	1811,30	1811,30
-39,52	-14,20	2658,40	2617,90	26417,90
-42,13	-11,33	1299,70	736,70	71436,70
-41,33	-10,72	1867,60	915,30	520,80
-39,08	-15,28	1721,10	1639,60	1639,60
-42,65	-14,77	1577,50	851,80	851,80
-39,28	-14,58	1941,50	3276,20	3276,20
-41,10	-12,07	1843,30	1018,20	11018,20
-39,08	-13,37	9697,60	1788,80	1788,80
-39,47	-11,40	2821,40	1990,30	1990,30
-40,13	-11,60	1323,80	1285,90	1285,90
-40,33	-11,52	835,00	1321,10	1321,10
-40,93	-11,25	1165,90	1325,90	1325,90
-39,38	-12,97	783,70	2047,70	2047,70
-38,62	-12,95	4328,80	3524,30	3524,30
-40,10	-17,22	520,80	1595,70	2677,50
-40,85	-14,85	34274,60	1497,30	1497,30
-41,17	-12,28	844,50	1014,10	1014,10
-43,88	-12,13	1122,80	561,80	561,80
-39,48	-13,68	1996,50	2470,90	21470,90
